<?xml version="1.0" encoding="utf-8"?>
<COLLADA xmlns="http://www.collada.org/2005/11/COLLADASchema" version="1.4.1">
  <asset><contributor><author></author><authoring_tool>you curious dolphin</authoring_tool><comments></comments></contributor><created>2012-08-17T09:59:03Z</created><keywords></keywords><modified>2012-08-17T09:59:03Z</modified><revision></revision><subject></subject><title></title><unit meter="0.010000" name="centimeter"></unit><up_axis>Y_UP</up_axis></asset>
  <library_geometries>
    <geometry id="human_box-lib" name="human_boxMesh">
      <mesh>
        <source id="human_box-POSITION">
          <float_array id="human_box-POSITION-array" count="144">
-9.976039 -76.878613 9.976039
-9.976039 76.878613 9.976039
9.976039 -76.878613 9.976039
9.976039 76.878613 9.976039
9.976039 -76.878613 -9.976039
9.976039 76.878613 -9.976039
-9.976039 -76.878613 -9.976039
-9.976039 76.878613 -9.976039
236.478097 -76.878613 9.976039
236.478097 76.878613 9.976039
216.526018 -76.878613 9.976039
216.526018 76.878613 9.976039
216.526018 -76.878613 -9.976039
216.526018 76.878613 -9.976039
236.478097 -76.878613 -9.976039
236.478097 76.878613 -9.976039
63.144856 -339.670782 10.600000
63.144856 -139.670782 10.600000
84.344856 -339.670782 10.600000
84.344856 -139.670782 10.600000
84.344856 -339.670782 -10.600000
84.344856 -139.670782 -10.600000
63.144856 -339.670782 -10.600000
63.144856 -139.670782 -10.600000
163.357202 -339.670782 10.600000
163.357202 -139.670782 10.600000
142.157202 -339.670782 10.600000
142.157202 -139.670782 10.600000
142.157202 -339.670782 -10.600000
142.157202 -139.670782 -10.600000
163.357202 -339.670782 -10.600000
163.357202 -139.670782 -10.600000
45.659495 -117.556321 55.223881
45.659495 117.029572 55.223881
180.842562 -117.556321 55.223881
180.842562 117.029572 55.223881
180.842562 -117.556321 -55.223881
180.842562 117.029572 -55.223881
45.659495 -117.556321 -55.223881
45.659495 117.029572 -55.223881
79.851029 145.621828 33.400000
79.851029 212.421828 33.400000
146.651029 145.621828 33.400000
146.651029 212.421828 33.400000
146.651029 145.621828 -33.400000
146.651029 212.421828 -33.400000
79.851029 145.621828 -33.400000
79.851029 212.421828 -33.400000
</float_array>
          <technique_common>
            <accessor source="#human_box-POSITION-array" count="48" stride="3">
              <param name="X" type="float"/>
              <param name="Y" type="float"/>
              <param name="Z" type="float"/>
            </accessor>
          </technique_common>
        </source>
        <source id="human_box-Normal0">
          <float_array id="human_box-Normal0-array" count="648">
0.000000 0.000000 1.000000
0.000000 0.000000 1.000000
0.000000 0.000000 1.000000
0.000000 0.000000 1.000000
0.000000 0.000000 1.000000
0.000000 0.000000 1.000000
1.000000 0.000000 0.000000
1.000000 0.000000 0.000000
1.000000 0.000000 0.000000
1.000000 0.000000 0.000000
1.000000 0.000000 0.000000
1.000000 0.000000 0.000000
0.000000 0.000000 -1.000000
0.000000 0.000000 -1.000000
0.000000 0.000000 -1.000000
0.000000 0.000000 -1.000000
0.000000 0.000000 -1.000000
0.000000 0.000000 -1.000000
-1.000000 0.000000 0.000000
-1.000000 0.000000 0.000000
-1.000000 0.000000 0.000000
-1.000000 0.000000 0.000000
-1.000000 0.000000 0.000000
-1.000000 0.000000 0.000000
0.000000 1.000000 0.000000
0.000000 1.000000 0.000000
0.000000 1.000000 0.000000
0.000000 1.000000 0.000000
0.000000 1.000000 0.000000
0.000000 1.000000 0.000000
0.000000 -1.000000 0.000000
0.000000 -1.000000 0.000000
0.000000 -1.000000 0.000000
0.000000 -1.000000 0.000000
0.000000 -1.000000 0.000000
0.000000 -1.000000 0.000000
0.000000 0.000000 1.000000
0.000000 0.000000 1.000000
0.000000 0.000000 1.000000
0.000000 0.000000 1.000000
0.000000 0.000000 1.000000
0.000000 0.000000 1.000000
-1.000000 0.000000 0.000000
-1.000000 0.000000 0.000000
-1.000000 0.000000 0.000000
-1.000000 0.000000 0.000000
-1.000000 0.000000 0.000000
-1.000000 0.000000 0.000000
0.000000 0.000000 -1.000000
0.000000 0.000000 -1.000000
0.000000 0.000000 -1.000000
0.000000 0.000000 -1.000000
0.000000 0.000000 -1.000000
0.000000 0.000000 -1.000000
1.000000 0.000000 0.000000
1.000000 0.000000 0.000000
1.000000 0.000000 0.000000
1.000000 0.000000 0.000000
1.000000 0.000000 0.000000
1.000000 0.000000 0.000000
0.000000 1.000000 0.000000
0.000000 1.000000 0.000000
0.000000 1.000000 0.000000
0.000000 1.000000 0.000000
0.000000 1.000000 0.000000
0.000000 1.000000 0.000000
0.000000 -1.000000 0.000000
0.000000 -1.000000 0.000000
0.000000 -1.000000 0.000000
0.000000 -1.000000 0.000000
0.000000 -1.000000 0.000000
0.000000 -1.000000 0.000000
0.000000 0.000000 1.000000
0.000000 0.000000 1.000000
0.000000 0.000000 1.000000
0.000000 0.000000 1.000000
0.000000 0.000000 1.000000
0.000000 0.000000 1.000000
1.000000 0.000000 0.000000
1.000000 0.000000 0.000000
1.000000 0.000000 0.000000
1.000000 0.000000 0.000000
1.000000 0.000000 0.000000
1.000000 0.000000 0.000000
0.000000 0.000000 -1.000000
0.000000 0.000000 -1.000000
0.000000 0.000000 -1.000000
0.000000 0.000000 -1.000000
0.000000 0.000000 -1.000000
0.000000 0.000000 -1.000000
-1.000000 0.000000 0.000000
-1.000000 0.000000 0.000000
-1.000000 0.000000 0.000000
-1.000000 0.000000 0.000000
-1.000000 0.000000 0.000000
-1.000000 0.000000 0.000000
0.000000 1.000000 0.000000
0.000000 1.000000 0.000000
0.000000 1.000000 0.000000
0.000000 1.000000 0.000000
0.000000 1.000000 0.000000
0.000000 1.000000 0.000000
0.000000 -1.000000 0.000000
0.000000 -1.000000 0.000000
0.000000 -1.000000 0.000000
0.000000 -1.000000 0.000000
0.000000 -1.000000 0.000000
0.000000 -1.000000 0.000000
0.000000 0.000000 1.000000
0.000000 0.000000 1.000000
0.000000 0.000000 1.000000
0.000000 0.000000 1.000000
0.000000 0.000000 1.000000
0.000000 0.000000 1.000000
-1.000000 0.000000 0.000000
-1.000000 0.000000 0.000000
-1.000000 0.000000 0.000000
-1.000000 0.000000 0.000000
-1.000000 0.000000 0.000000
-1.000000 0.000000 0.000000
0.000000 0.000000 -1.000000
0.000000 0.000000 -1.000000
0.000000 0.000000 -1.000000
0.000000 0.000000 -1.000000
0.000000 0.000000 -1.000000
0.000000 0.000000 -1.000000
1.000000 0.000000 0.000000
1.000000 0.000000 0.000000
1.000000 0.000000 0.000000
1.000000 0.000000 0.000000
1.000000 0.000000 0.000000
1.000000 0.000000 0.000000
0.000000 1.000000 0.000000
0.000000 1.000000 0.000000
0.000000 1.000000 0.000000
0.000000 1.000000 0.000000
0.000000 1.000000 0.000000
0.000000 1.000000 0.000000
0.000000 -1.000000 0.000000
0.000000 -1.000000 0.000000
0.000000 -1.000000 0.000000
0.000000 -1.000000 0.000000
0.000000 -1.000000 0.000000
0.000000 -1.000000 0.000000
0.000000 0.000000 1.000000
0.000000 0.000000 1.000000
0.000000 0.000000 1.000000
0.000000 0.000000 1.000000
0.000000 0.000000 1.000000
0.000000 0.000000 1.000000
1.000000 0.000000 0.000000
1.000000 0.000000 0.000000
1.000000 0.000000 0.000000
1.000000 0.000000 0.000000
1.000000 0.000000 0.000000
1.000000 0.000000 0.000000
0.000000 0.000000 -1.000000
0.000000 0.000000 -1.000000
0.000000 0.000000 -1.000000
0.000000 0.000000 -1.000000
0.000000 0.000000 -1.000000
0.000000 0.000000 -1.000000
-1.000000 0.000000 0.000000
-1.000000 0.000000 0.000000
-1.000000 0.000000 0.000000
-1.000000 0.000000 0.000000
-1.000000 0.000000 0.000000
-1.000000 0.000000 0.000000
0.000000 1.000000 0.000000
0.000000 1.000000 0.000000
0.000000 1.000000 0.000000
0.000000 1.000000 0.000000
0.000000 1.000000 0.000000
0.000000 1.000000 0.000000
0.000000 -1.000000 0.000000
0.000000 -1.000000 0.000000
0.000000 -1.000000 0.000000
0.000000 -1.000000 0.000000
0.000000 -1.000000 0.000000
0.000000 -1.000000 0.000000
0.000000 0.000000 1.000000
0.000000 0.000000 1.000000
0.000000 0.000000 1.000000
0.000000 0.000000 1.000000
0.000000 0.000000 1.000000
0.000000 0.000000 1.000000
1.000000 0.000000 0.000000
1.000000 0.000000 0.000000
1.000000 0.000000 0.000000
1.000000 0.000000 0.000000
1.000000 0.000000 0.000000
1.000000 0.000000 0.000000
0.000000 0.000000 -1.000000
0.000000 0.000000 -1.000000
0.000000 0.000000 -1.000000
0.000000 0.000000 -1.000000
0.000000 0.000000 -1.000000
0.000000 0.000000 -1.000000
-1.000000 0.000000 0.000000
-1.000000 0.000000 0.000000
-1.000000 0.000000 0.000000
-1.000000 0.000000 0.000000
-1.000000 0.000000 0.000000
-1.000000 0.000000 0.000000
0.000000 1.000000 0.000000
0.000000 1.000000 0.000000
0.000000 1.000000 0.000000
0.000000 1.000000 0.000000
0.000000 1.000000 0.000000
0.000000 1.000000 0.000000
0.000000 -1.000000 0.000000
0.000000 -1.000000 0.000000
0.000000 -1.000000 0.000000
0.000000 -1.000000 0.000000
0.000000 -1.000000 0.000000
0.000000 -1.000000 0.000000
</float_array>
          <technique_common>
            <accessor source="#human_box-Normal0-array" count="216" stride="3">
              <param name="X" type="float"/>
              <param name="Y" type="float"/>
              <param name="Z" type="float"/>
            </accessor>
          </technique_common>
        </source>
        <source id="human_box-UV0">
          <float_array id="human_box-UV0-array" count="288">
1.000000 0.000000
1.000000 1.000000
0.000000 1.000000
0.000000 0.000000
1.000000 0.000000
1.000000 1.000000
0.000000 1.000000
0.000000 0.000000
1.000000 0.000000
1.000000 1.000000
0.000000 1.000000
0.000000 0.000000
1.000000 0.000000
1.000000 1.000000
0.000000 1.000000
0.000000 0.000000
1.000000 0.000000
1.000000 1.000000
0.000000 1.000000
0.000000 0.000000
1.000000 0.000000
1.000000 1.000000
0.000000 1.000000
0.000000 0.000000
0.000000 1.000000
1.000000 1.000000
1.000000 0.000000
0.000000 0.000000
0.000000 1.000000
1.000000 1.000000
1.000000 0.000000
0.000000 0.000000
0.000000 1.000000
1.000000 1.000000
1.000000 0.000000
0.000000 0.000000
0.000000 1.000000
1.000000 1.000000
1.000000 0.000000
0.000000 0.000000
0.000000 1.000000
1.000000 1.000000
1.000000 0.000000
0.000000 0.000000
0.000000 1.000000
1.000000 1.000000
1.000000 0.000000
0.000000 0.000000
1.000000 0.000000
1.000000 1.000000
0.000000 1.000000
0.000000 0.000000
1.000000 0.000000
1.000000 1.000000
0.000000 1.000000
0.000000 0.000000
1.000000 0.000000
1.000000 1.000000
0.000000 1.000000
0.000000 0.000000
1.000000 0.000000
1.000000 1.000000
0.000000 1.000000
0.000000 0.000000
1.000000 0.000000
1.000000 1.000000
0.000000 1.000000
0.000000 0.000000
1.000000 0.000000
1.000000 1.000000
0.000000 1.000000
0.000000 0.000000
0.000000 1.000000
1.000000 1.000000
1.000000 0.000000
0.000000 0.000000
0.000000 1.000000
1.000000 1.000000
1.000000 0.000000
0.000000 0.000000
0.000000 1.000000
1.000000 1.000000
1.000000 0.000000
0.000000 0.000000
0.000000 1.000000
1.000000 1.000000
1.000000 0.000000
0.000000 0.000000
0.000000 1.000000
1.000000 1.000000
1.000000 0.000000
0.000000 0.000000
0.000000 1.000000
1.000000 1.000000
1.000000 0.000000
0.000000 0.000000
1.000000 0.000000
1.000000 1.000000
0.000000 1.000000
0.000000 0.000000
1.000000 0.000000
1.000000 1.000000
0.000000 1.000000
0.000000 0.000000
1.000000 0.000000
1.000000 1.000000
0.000000 1.000000
0.000000 0.000000
1.000000 0.000000
1.000000 1.000000
0.000000 1.000000
0.000000 0.000000
1.000000 0.000000
1.000000 1.000000
0.000000 1.000000
0.000000 0.000000
1.000000 0.000000
1.000000 1.000000
0.000000 1.000000
0.000000 0.000000
1.000000 0.000000
1.000000 1.000000
0.000000 1.000000
0.000000 0.000000
1.000000 0.000000
1.000000 1.000000
0.000000 1.000000
0.000000 0.000000
1.000000 0.000000
1.000000 1.000000
0.000000 1.000000
0.000000 0.000000
1.000000 0.000000
1.000000 1.000000
0.000000 1.000000
0.000000 0.000000
1.000000 0.000000
1.000000 1.000000
0.000000 1.000000
0.000000 0.000000
1.000000 0.000000
1.000000 1.000000
0.000000 1.000000
0.000000 0.000000
</float_array>
          <technique_common>
            <accessor source="#human_box-UV0-array" count="144" stride="2">
              <param name="S" type="float"/>
              <param name="T" type="float"/>
            </accessor>
          </technique_common>
        </source>
        <vertices id="human_box-VERTEX">
          <input semantic="POSITION" source="#human_box-POSITION"/>
        </vertices>
        <triangles count="72"><input semantic="VERTEX" offset="0" source="#human_box-VERTEX"/><input semantic="NORMAL" offset="1" source="#human_box-Normal0"/><input semantic="TEXCOORD" offset="2" set="0" source="#human_box-UV0"/><p> 1 0 2 2 1 0 3 2 1 2 3 0 1 4 2 0 5 3 3 6 6 2 7 7 4 8 4 3 9 6 4 10 4 5 11 5 5 12 10 4 13 11 6 14 8 6 15 8 7 16 9 5 17 10 0 18 12 1 19 13 7 20 14 0 21 12 7 22 14 6 23 15 1 24 19 3 25 16 7 26 18 3 27 16 5 28 17 7 29 18 0 30 22 4 31 20 2 32 21 4 33 20 0 34 22 6 35 23 10 36 26 9 37 24 11 38 25 9 39 24 10 40 26 8 41 27 13 42 29 12 43 30 11 44 28 10 45 31 11 46 28 12 47 30 12 48 35 13 49 32 14 50 34 14 51 34 13 52 32 15 53 33 8 54 38 15 55 36 9 56 37 15 57 36 8 58 38 14 59 39 11 60 42 9 61 43 15 62 40 11 63 42 15 64 40 13 65 41 10 66 45 12 67 46 8 68 44 8 69 44 12 70 46 14 71 47 17 72 50 18 73 48 19 74 49 18 75 48 17 76 50 16 77 51 19 78 54 18 79 55 20 80 52 19 81 54 20 82 52 21 83 53 21 84 58 20 85 59 22 86 56 22 87 56 23 88 57 21 89 58 16 90 60 17 91 61 23 92 62 16 93 60 23 94 62 22 95 63 17 96 67 19 97 64 23 98 66 19 99 64 21 100 65 23 101 66 16 102 70 20 103 68 18 104 69 20 105 68 16 106 70 22 107 71 27 108 73 26 109 74 25 110 72 25 111 72 26 112 74 24 113 75 29 114 77 28 115 78 27 116 76 26 117 79 27 118 76 28 119 78 28 120 83 29 121 80 30 122 82 30 123 82 29 124 80 31 125 81 24 126 86 31 127 84 25 128 85 31 129 84 24 130 86 30 131 87 27 132 90 25 133 91 31 134 88 27 135 90 31 136 88 29 137 89 26 138 93 28 139 94 24 140 92 24 141 92 28 142 94 30 143 95 33 144 98 34 145 96 35 146 97 34 147 96 33 148 98 32 149 99 35 150 102 34 151 103 36 152 100 35 153 102 36 154 100 37 155 101 37 156 106 36 157 107 38 158 104 38 159 104 39 160 105 37 161 106 32 162 108 33 163 109 39 164 110 32 165 108 39 166 110 38 167 111 33 168 115 35 169 112 39 170 114 35 171 112 37 172 113 39 173 114 32 174 118 36 175 116 34 176 117 36 177 116 32 178 118 38 179 119 41 180 122 42 181 120 43 182 121 42 183 120 41 184 122 40 185 123 43 186 126 42 187 127 44 188 124 43 189 126 44 190 124 45 191 125 44 192 131 46 193 128 45 194 130 46 195 128 47 196 129 45 197 130 41 198 133 47 199 134 40 200 132 40 201 132 47 202 134 46 203 135 41 204 139 43 205 136 47 206 138 43 207 136 45 208 137 47 209 138 40 210 142 44 211 140 42 212 141 44 213 140 40 214 142 46 215 143</p></triangles>
      </mesh>
    </geometry>
  </library_geometries>
  <library_controllers>
    <controller id="human_boxController">
      <skin source="#human_box-lib">
        <bind_shape_matrix>1.000000 -0.000000 0.000000 -113.251029 0.000000 1.000000 -0.000000 121.152263 0.000000 0.000000 1.000000 0.000000 0.000000 0.000000 0.000000 1.000000
</bind_shape_matrix>
        <source id="human_boxController-Joints">
          <Name_array id="human_boxController-Joints-array" count="17">
 Joint l_leg Joint.4 Joint.1.3 r_leg Joint.5 Joint.1.4 Joint.1.5 l_arm Joint.2
Joint.1 Joint.2.2 r_arm Joint.3 Joint.1.2 Joint.2.3 Joint.2.4</Name_array>
          <technique_common>
            <accessor source="#human_boxController-Joints-array" count="17">
              <param type="name"/>
            </accessor>
          </technique_common>
        </source>
        <source id="human_boxController-Matrices">
          <float_array id="human_boxController-Matrices-array" count="272">

1.000000 -0.000000 -0.000000 -0.000000 -0.000000 0.000000 1.000000 -0.000000 0.000000 -1.000000 0.000000 -0.000000 0.000000 0.000000 0.000000 1.000000
1.000000 -0.000000 -0.000000 -40.000000 -0.000000 1.000000 0.000000 -0.000000 0.000000 -0.000000 1.000000 -0.000000 0.000000 0.000000 0.000000 1.000000
1.000000 -0.000000 0.000000 -40.000000 -0.000000 0.000000 -1.000000 -0.000000 -0.000000 1.000000 0.000000 -0.000000 0.000000 0.000000 0.000000 1.000000
0.999791 -0.020438 0.000000 -44.488033 0.000000 0.000000 -1.000000 -0.000000 0.020438 0.999791 0.000000 219.136521 0.000000 0.000000 0.000000 1.000000
1.000000 -0.000000 -0.000000 40.000000 -0.000000 1.000000 0.000000 -0.000000 0.000000 -0.000000 1.000000 -0.000000 0.000000 0.000000 0.000000 1.000000
0.999747 -0.022481 -0.000000 39.989891 0.000000 0.000000 -1.000000 0.000000 0.022481 0.999747 0.000000 0.899238 0.000000 0.000000 0.000000 1.000000
1.000000 -0.000000 0.000000 40.000000 0.000000 0.000000 -1.000000 0.000000 0.000000 1.000000 0.000000 220.000000 0.000000 0.000000 0.000000 1.000000
1.000000 -0.000000 0.000000 -0.000000 -0.000000 -0.000000 1.000000 0.000000 0.000000 -1.000000 -0.000000 239.885513 0.000000 0.000000 0.000000 1.000000
1.000000 -0.000000 -0.000000 -22.532201 -0.000000 1.000000 0.000000 -235.891853 0.000000 -0.000000 1.000000 0.000000 0.000000 0.000000 0.000000 1.000000
0.000000 -0.000000 1.000000 -0.000000 0.420385 0.907346 -0.000000 -223.507667 -0.907346 0.420385 0.000000 -78.720957 0.000000 0.000000 0.000000 1.000000
0.000000 -0.000000 1.000000 0.000000 0.997657 -0.068417 -0.000000 -96.058817 0.068417 0.997657 -0.000000 -207.057247 0.000000 0.000000 0.000000 1.000000
0.000000 -0.000000 1.000000 0.000000 1.000000 0.000000 -0.000000 -110.000000 -0.000000 1.000000 0.000000 -50.000000 0.000000 0.000000 0.000000 1.000000
1.000000 -0.000000 -0.000000 22.532201 -0.000000 1.000000 0.000000 -235.891853 0.000000 -0.000000 1.000000 0.000000 0.000000 0.000000 0.000000 1.000000
0.000000 0.000000 -1.000000 0.000000 -0.420385 0.907346 -0.000000 -223.507667 0.907346 0.420385 0.000000 -78.720957 0.000000 0.000000 0.000000 1.000000
0.000000 -0.000000 -1.000000 -0.000000 -0.997657 -0.068417 -0.000000 -96.058817 -0.068417 0.997657 -0.000000 -207.057247 0.000000 0.000000 0.000000 1.000000
0.000000 -0.000000 -1.000000 -0.000000 -1.000000 -0.000000 -0.000000 -110.000000 -0.000000 1.000000 -0.000000 -50.000000 0.000000 0.000000 0.000000 1.000000
1.000000 -0.000000 0.000000 -0.000000 -0.000000 -0.000000 1.000000 0.000000 0.000000 -1.000000 -0.000000 337.730168 0.000000 0.000000 0.000000 1.000000</float_array>
          <technique_common>
            <accessor source="#human_boxController-Matrices-array" count="17" stride="16">
              <param type="float4x4"/>
            </accessor>
          </technique_common>
        </source>
        <source id="human_boxController-Weights">
          <float_array id="human_boxController-Weights-array" count="57">

1.000000 1.000000 1.000000 1.000000 1.000000 1.000000 1.000000 1.000000 1.000000 1.000000 0.263722 0.736278 1.000000 1.000000 1.000000 0.215198
0.784802 1.000000 0.163668 0.836332 1.000000 1.000000 1.000000 1.000000 1.000000 1.000000 1.000000 1.000000 1.000000 1.000000 1.000000 1.000000
1.000000 1.000000 1.000000 1.000000 1.000000 0.999985 0.000015 0.999939 0.000061 0.999893 0.000107 1.000000 1.000000 0.999985 0.000015 1.000000
1.000000 1.000000 0.999985 0.000015 1.000000 1.000000 1.000000 1.000000 1.000000</float_array>
          <technique_common>
            <accessor source="#human_boxController-Weights-array" count="57">
              <param type="float"/>
            </accessor>
          </technique_common>
        </source>
        <joints>
          <input semantic="JOINT" source="#human_boxController-Joints"/>
          <input semantic="INV_BIND_MATRIX" source="#human_boxController-Matrices"/>
        </joints>
        <vertex_weights count="48">
          <input semantic="JOINT" offset="0" source="#human_boxController-Joints"/>
          <input semantic="WEIGHT" offset="1" source="#human_boxController-Weights"/>
          <vcount>1 1 1 1 1 1 1 1 1 2 1 1 1 2 1 2 1 1 1 1 1 1 1 1 1 1 1 1 1 1 1 1 1 2 2 2 1 1 2 1 1 1 2 1 1 1 1 1</vcount>
          <v>14 1 14 2 14 3 14 4 14 5 14 6 14 7 14 8 10 9 9 10 10 11 10 12 10 13 10 14 9 15 10 16 10 17 9 18 10 19 5 20 5 21 5 22 5 23 5 24 5 25 5 26 5 27 2 28 2 29 2 30 2 31 2 32 2 33 2 34 2 35 0 36 0 37 13 38 0 39 2 40 0 41 9 42 0 43 0 44 0 45 5 46 0 47 7 48 7 49 7 50 9 51 7 52 7 53 7 54 7 55 7 56</v>
        </vertex_weights>
      </skin>
    </controller>
  </library_controllers>
  <library_animations>
    <animation id="Joint-anim" name="Joint"><animation><source id="Joint-Matrix-animation-input"><float_array id="Joint-Matrix-animation-input-array" count="88">

0.000000 0.033333 0.066667 0.100000 0.133333 0.166667 0.200000 0.233333 0.266667 0.300000 0.333333 0.366667 0.400000 0.433333 0.466667 0.500000
0.533333 0.566667 0.600000 0.633333 0.666667 0.700000 0.733333 0.766667 0.800000 0.833333 0.866667 0.900000 0.933333 0.966667 1.000000 1.033333
1.066667 1.100000 1.133333 1.166667 1.200000 1.233333 1.266667 1.300000 1.333333 1.366667 1.400000 1.433333 1.466667 1.500000 1.533333 1.566667
1.600000 1.633333 1.666667 1.700000 1.733333 1.766667 1.800000 1.833333 1.866667 1.900000 1.933333 1.966667 2.000000 2.033333 2.066667 2.100000
2.133333 2.166667 2.200000 2.233333 2.266667 2.300000 2.333333 2.366667 2.400000 2.433333 2.466667 2.500000 2.533333 2.566667 2.600000 2.633333
2.666667 2.700000 2.733333 2.766667 2.800000 2.833333 2.866667 2.900000</float_array><technique_common><accessor source="#Joint-Matrix-animation-input-array" count="88"><param name="TIME" type="float"/></accessor></technique_common></source><source id="Joint-Matrix-animation-output-transform"><float_array id="Joint-Matrix-animation-output-transform-array" count="1408">

0.996195 -0.087156 -0.000000 0.000000 0.000000 0.000000 -1.000000 0.000000 0.087156 0.996195 0.000000 0.000000 0.000000 0.000000 0.000000 1.000000
0.996217 -0.086902 0.000000 0.000000 0.000000 0.000000 -1.000000 0.000000 0.086902 0.996217 0.000000 0.000000 0.000000 0.000000 0.000000 1.000000
0.996281 -0.086158 -0.000000 0.000000 0.000000 0.000000 -1.000000 0.000000 0.086158 0.996281 0.000000 0.000000 0.000000 0.000000 0.000000 1.000000
0.996385 -0.084947 -0.000000 0.000000 0.000000 0.000000 -1.000000 0.000000 0.084947 0.996385 0.000000 0.000000 0.000000 0.000000 0.000000 1.000000
0.996525 -0.083292 -0.000000 0.000000 0.000000 0.000000 -1.000000 0.000000 0.083292 0.996525 0.000000 0.000000 0.000000 0.000000 0.000000 1.000000
0.996696 -0.081219 0.000000 0.000000 0.000000 0.000000 -1.000000 0.000000 0.081219 0.996696 0.000000 0.000000 0.000000 0.000000 0.000000 1.000000
0.996895 -0.078748 -0.000000 0.000000 0.000000 0.000000 -1.000000 0.000000 0.078748 0.996895 0.000000 0.000000 0.000000 0.000000 0.000000 1.000000
0.997115 -0.075904 -0.000000 0.000000 0.000000 0.000000 -1.000000 0.000000 0.075904 0.997115 0.000000 0.000000 0.000000 0.000000 0.000000 1.000000
0.997353 -0.072710 -0.000000 0.000000 0.000000 0.000000 -1.000000 0.000000 0.072710 0.997353 0.000000 0.000000 0.000000 0.000000 0.000000 1.000000
0.997604 -0.069187 -0.000000 0.000000 0.000000 0.000000 -1.000000 0.000000 0.069187 0.997604 0.000000 0.000000 0.000000 0.000000 0.000000 1.000000
0.997862 -0.065359 -0.000000 0.000000 0.000000 0.000000 -1.000000 0.000000 0.065359 0.997862 0.000000 0.000000 0.000000 0.000000 0.000000 1.000000
0.998123 -0.061248 -0.000000 0.000000 0.000000 0.000000 -1.000000 0.000000 0.061248 0.998123 0.000000 0.000000 0.000000 0.000000 0.000000 1.000000
0.998381 -0.056876 -0.000000 0.000000 0.000000 0.000000 -1.000000 0.000000 0.056876 0.998381 0.000000 0.000000 0.000000 0.000000 0.000000 1.000000
0.998633 -0.052264 -0.000000 0.000000 0.000000 0.000000 -1.000000 0.000000 0.052264 0.998633 0.000000 0.000000 0.000000 0.000000 0.000000 1.000000
0.998874 -0.047437 -0.000000 0.000000 0.000000 0.000000 -1.000000 0.000000 0.047437 0.998874 0.000000 0.000000 0.000000 0.000000 0.000000 1.000000
0.999100 -0.042415 -0.000000 0.000000 0.000000 0.000000 -1.000000 0.000000 0.042415 0.999100 0.000000 0.000000 0.000000 0.000000 0.000000 1.000000
0.999307 -0.037220 0.000000 0.000000 0.000000 0.000000 -1.000000 0.000000 0.037220 0.999307 0.000000 0.000000 0.000000 0.000000 0.000000 1.000000
0.999492 -0.031875 0.000000 0.000000 0.000000 0.000000 -1.000000 0.000000 0.031875 0.999492 0.000000 0.000000 0.000000 0.000000 0.000000 1.000000
0.999651 -0.026402 -0.000000 0.000000 0.000000 0.000000 -1.000000 0.000000 0.026402 0.999651 0.000000 0.000000 0.000000 0.000000 0.000000 1.000000
0.999783 -0.020823 0.000000 0.000000 0.000000 0.000000 -1.000000 0.000000 0.020823 0.999783 0.000000 0.000000 0.000000 0.000000 0.000000 1.000000
0.999885 -0.015160 -0.000000 0.000000 0.000000 0.000000 -1.000000 0.000000 0.015160 0.999885 0.000000 0.000000 0.000000 0.000000 0.000000 1.000000
0.999955 -0.009435 0.000000 0.000000 0.000000 0.000000 -1.000000 0.000000 0.009435 0.999955 0.000000 0.000000 0.000000 0.000000 0.000000 1.000000
0.999993 -0.003670 -0.000000 0.000000 0.000000 0.000000 -1.000000 0.000000 0.003670 0.999993 0.000000 0.000000 0.000000 0.000000 0.000000 1.000000
0.999998 0.002111 0.000000 0.000000 0.000000 0.000000 -1.000000 0.000000 -0.002111 0.999998 0.000000 0.000000 0.000000 0.000000 0.000000 1.000000
0.999969 0.007887 0.000000 0.000000 0.000000 0.000000 -1.000000 0.000000 -0.007887 0.999969 0.000000 0.000000 0.000000 0.000000 0.000000 1.000000
0.999907 0.013636 0.000000 0.000000 0.000000 0.000000 -1.000000 0.000000 -0.013636 0.999907 0.000000 0.000000 0.000000 0.000000 0.000000 1.000000
0.999813 0.019335 0.000000 0.000000 0.000000 0.000000 -1.000000 0.000000 -0.019335 0.999813 0.000000 0.000000 0.000000 0.000000 0.000000 1.000000
0.999688 0.024961 0.000000 0.000000 0.000000 0.000000 -1.000000 0.000000 -0.024961 0.999688 0.000000 0.000000 0.000000 0.000000 0.000000 1.000000
0.999535 0.030492 0.000000 0.000000 0.000000 0.000000 -1.000000 0.000000 -0.030492 0.999535 0.000000 0.000000 0.000000 0.000000 0.000000 1.000000
0.999355 0.035904 0.000000 0.000000 0.000000 0.000000 -1.000000 0.000000 -0.035904 0.999355 0.000000 0.000000 0.000000 0.000000 0.000000 1.000000
0.999152 0.041176 0.000000 0.000000 0.000000 0.000000 -1.000000 0.000000 -0.041176 0.999152 0.000000 0.000000 0.000000 0.000000 0.000000 1.000000
0.998928 0.046283 0.000000 0.000000 0.000000 0.000000 -1.000000 0.000000 -0.046283 0.998928 0.000000 0.000000 0.000000 0.000000 0.000000 1.000000
0.998688 0.051203 0.000000 0.000000 0.000000 0.000000 -1.000000 0.000000 -0.051203 0.998688 0.000000 0.000000 0.000000 0.000000 0.000000 1.000000
0.998436 0.055913 0.000000 0.000000 0.000000 0.000000 -1.000000 0.000000 -0.055913 0.998436 0.000000 0.000000 0.000000 0.000000 0.000000 1.000000
0.998175 0.060388 0.000000 0.000000 0.000000 0.000000 -1.000000 0.000000 -0.060388 0.998175 0.000000 0.000000 0.000000 0.000000 0.000000 1.000000
0.997911 0.064605 0.000000 0.000000 0.000000 0.000000 -1.000000 0.000000 -0.064605 0.997911 0.000000 0.000000 0.000000 0.000000 0.000000 1.000000
0.997648 0.068540 0.000000 0.000000 0.000000 0.000000 -1.000000 0.000000 -0.068540 0.997648 0.000000 0.000000 0.000000 0.000000 0.000000 1.000000
0.997392 0.072168 0.000000 0.000000 0.000000 0.000000 -1.000000 0.000000 -0.072168 0.997392 0.000000 0.000000 0.000000 0.000000 0.000000 1.000000
0.997148 0.075466 0.000000 0.000000 0.000000 0.000000 -1.000000 0.000000 -0.075466 0.997148 0.000000 0.000000 0.000000 0.000000 0.000000 1.000000
0.996921 0.078408 0.000000 0.000000 0.000000 0.000000 -1.000000 0.000000 -0.078408 0.996921 0.000000 0.000000 0.000000 0.000000 0.000000 1.000000
0.996717 0.080970 0.000000 0.000000 0.000000 0.000000 -1.000000 0.000000 -0.080970 0.996717 0.000000 0.000000 0.000000 0.000000 0.000000 1.000000
0.996539 0.083125 0.000000 0.000000 0.000000 0.000000 -1.000000 0.000000 -0.083125 0.996539 0.000000 0.000000 0.000000 0.000000 0.000000 1.000000
0.996394 0.084847 0.000000 0.000000 0.000000 0.000000 -1.000000 0.000000 -0.084847 0.996394 0.000000 0.000000 0.000000 0.000000 0.000000 1.000000
0.996286 0.086111 0.000000 0.000000 0.000000 0.000000 -1.000000 0.000000 -0.086111 0.996286 0.000000 0.000000 0.000000 0.000000 0.000000 1.000000
0.996218 0.086890 0.000000 0.000000 0.000000 0.000000 -1.000000 0.000000 -0.086890 0.996218 0.000000 0.000000 0.000000 0.000000 0.000000 1.000000
0.996195 0.087156 0.000000 0.000000 0.000000 0.000000 -1.000000 0.000000 -0.087156 0.996195 0.000000 0.000000 0.000000 0.000000 0.000000 1.000000
0.996218 0.086889 0.000000 0.000000 0.000000 0.000000 -1.000000 0.000000 -0.086889 0.996218 0.000000 0.000000 0.000000 0.000000 0.000000 1.000000
0.996286 0.086103 0.000000 0.000000 0.000000 0.000000 -1.000000 0.000000 -0.086103 0.996286 0.000000 0.000000 0.000000 0.000000 0.000000 1.000000
0.996396 0.084820 0.000000 0.000000 0.000000 0.000000 -1.000000 0.000000 -0.084820 0.996396 0.000000 0.000000 0.000000 0.000000 0.000000 1.000000
0.996544 0.083063 0.000000 0.000000 0.000000 0.000000 -1.000000 0.000000 -0.083063 0.996544 0.000000 0.000000 0.000000 0.000000 0.000000 1.000000
0.996726 0.080854 0.000000 0.000000 0.000000 0.000000 -1.000000 0.000000 -0.080854 0.996726 0.000000 0.000000 0.000000 0.000000 0.000000 1.000000
0.996936 0.078215 0.000000 0.000000 0.000000 0.000000 -1.000000 0.000000 -0.078215 0.996936 0.000000 0.000000 0.000000 0.000000 0.000000 1.000000
0.997171 0.075172 0.000000 0.000000 0.000000 0.000000 -1.000000 0.000000 -0.075172 0.997171 0.000000 0.000000 0.000000 0.000000 0.000000 1.000000
0.997423 0.071746 0.000000 0.000000 0.000000 0.000000 -1.000000 0.000000 -0.071746 0.997423 0.000000 0.000000 0.000000 0.000000 0.000000 1.000000
0.997688 0.067962 0.000000 0.000000 0.000000 0.000000 -1.000000 0.000000 -0.067962 0.997688 0.000000 0.000000 0.000000 0.000000 0.000000 1.000000
0.997960 0.063845 0.000000 0.000000 0.000000 0.000000 -1.000000 0.000000 -0.063845 0.997960 0.000000 0.000000 0.000000 0.000000 0.000000 1.000000
0.998233 0.059419 0.000000 0.000000 0.000000 0.000000 -1.000000 0.000000 -0.059419 0.998233 0.000000 0.000000 0.000000 0.000000 0.000000 1.000000
0.998502 0.054708 0.000000 0.000000 0.000000 0.000000 -1.000000 0.000000 -0.054708 0.998502 0.000000 0.000000 0.000000 0.000000 0.000000 1.000000
0.998762 0.049740 0.000000 0.000000 0.000000 0.000000 -1.000000 0.000000 -0.049740 0.998762 0.000000 0.000000 0.000000 0.000000 0.000000 1.000000
0.999008 0.044537 0.000000 0.000000 0.000000 0.000000 -1.000000 0.000000 -0.044537 0.999008 0.000000 0.000000 0.000000 0.000000 0.000000 1.000000
0.999234 0.039128 0.000000 0.000000 0.000000 0.000000 -1.000000 0.000000 -0.039128 0.999234 0.000000 0.000000 0.000000 0.000000 0.000000 1.000000
0.999437 0.033537 0.000000 0.000000 0.000000 0.000000 -1.000000 0.000000 -0.033537 0.999437 0.000000 0.000000 0.000000 0.000000 0.000000 1.000000
0.999614 0.027791 0.000000 0.000000 0.000000 0.000000 -1.000000 0.000000 -0.027791 0.999614 0.000000 0.000000 0.000000 0.000000 0.000000 1.000000
0.999760 0.021917 0.000000 0.000000 0.000000 0.000000 -1.000000 0.000000 -0.021917 0.999760 0.000000 0.000000 0.000000 0.000000 0.000000 1.000000
0.999873 0.015940 0.000000 0.000000 0.000000 0.000000 -1.000000 0.000000 -0.015940 0.999873 0.000000 0.000000 0.000000 0.000000 0.000000 1.000000
0.999951 0.009890 0.000000 0.000000 0.000000 0.000000 -1.000000 0.000000 -0.009890 0.999951 0.000000 0.000000 0.000000 0.000000 0.000000 1.000000
0.999993 0.003793 0.000000 0.000000 0.000000 0.000000 -1.000000 0.000000 -0.003793 0.999993 0.000000 0.000000 0.000000 0.000000 0.000000 1.000000
0.999997 -0.002325 -0.000000 0.000000 0.000000 0.000000 -1.000000 0.000000 0.002325 0.999997 0.000000 0.000000 0.000000 0.000000 0.000000 1.000000
0.999964 -0.008436 0.000000 0.000000 0.000000 0.000000 -1.000000 0.000000 0.008436 0.999964 0.000000 0.000000 0.000000 0.000000 0.000000 1.000000
0.999895 -0.014512 -0.000000 0.000000 0.000000 0.000000 -1.000000 0.000000 0.014512 0.999895 0.000000 0.000000 0.000000 0.000000 0.000000 1.000000
0.999789 -0.020526 0.000000 0.000000 0.000000 0.000000 -1.000000 0.000000 0.020526 0.999789 0.000000 0.000000 0.000000 0.000000 0.000000 1.000000
0.999650 -0.026451 -0.000000 0.000000 0.000000 0.000000 -1.000000 0.000000 0.026451 0.999650 0.000000 0.000000 0.000000 0.000000 0.000000 1.000000
0.999480 -0.032258 -0.000000 0.000000 0.000000 0.000000 -1.000000 0.000000 0.032258 0.999480 0.000000 0.000000 0.000000 0.000000 0.000000 1.000000
0.999281 -0.037920 -0.000000 0.000000 0.000000 0.000000 -1.000000 0.000000 0.037920 0.999281 0.000000 0.000000 0.000000 0.000000 0.000000 1.000000
0.999057 -0.043410 0.000000 0.000000 0.000000 0.000000 -1.000000 0.000000 0.043410 0.999057 0.000000 0.000000 0.000000 0.000000 0.000000 1.000000
0.998813 -0.048701 0.000000 0.000000 0.000000 0.000000 -1.000000 0.000000 0.048701 0.998813 0.000000 0.000000 0.000000 0.000000 0.000000 1.000000
0.998554 -0.053765 0.000000 0.000000 0.000000 0.000000 -1.000000 0.000000 0.053765 0.998554 0.000000 0.000000 0.000000 0.000000 0.000000 1.000000
0.998283 -0.058576 -0.000000 0.000000 0.000000 0.000000 -1.000000 0.000000 0.058576 0.998283 0.000000 0.000000 0.000000 0.000000 0.000000 1.000000
0.998007 -0.063106 -0.000000 0.000000 0.000000 0.000000 -1.000000 0.000000 0.063106 0.998007 0.000000 0.000000 0.000000 0.000000 0.000000 1.000000
0.997731 -0.067328 0.000000 0.000000 0.000000 0.000000 -1.000000 0.000000 0.067328 0.997731 0.000000 0.000000 0.000000 0.000000 0.000000 1.000000
0.997461 -0.071216 0.000000 0.000000 0.000000 0.000000 -1.000000 0.000000 0.071216 0.997461 0.000000 0.000000 0.000000 0.000000 0.000000 1.000000
0.997203 -0.074743 0.000000 0.000000 0.000000 0.000000 -1.000000 0.000000 0.074743 0.997203 0.000000 0.000000 0.000000 0.000000 0.000000 1.000000
0.996962 -0.077884 -0.000000 0.000000 0.000000 0.000000 -1.000000 0.000000 0.077884 0.996962 0.000000 0.000000 0.000000 0.000000 0.000000 1.000000
0.996746 -0.080611 0.000000 0.000000 0.000000 0.000000 -1.000000 0.000000 0.080611 0.996746 0.000000 0.000000 0.000000 0.000000 0.000000 1.000000
0.996558 -0.082900 0.000000 0.000000 0.000000 0.000000 -1.000000 0.000000 0.082900 0.996558 0.000000 0.000000 0.000000 0.000000 0.000000 1.000000
0.996404 -0.084724 -0.000000 0.000000 0.000000 0.000000 -1.000000 0.000000 0.084724 0.996404 0.000000 0.000000 0.000000 0.000000 0.000000 1.000000
0.996290 -0.086058 -0.000000 0.000000 0.000000 0.000000 -1.000000 0.000000 0.086058 0.996290 0.000000 0.000000 0.000000 0.000000 0.000000 1.000000
0.996219 -0.086877 0.000000 0.000000 0.000000 0.000000 -1.000000 0.000000 0.086877 0.996219 0.000000 0.000000 0.000000 0.000000 0.000000 1.000000</float_array><technique_common><accessor source="#Joint-Matrix-animation-output-transform-array" count="88" stride="16"><param type="float4x4"/></accessor></technique_common></source><source id="Joint-Interpolations"><Name_array id="Joint-Interpolations-array" count="88">
 LINEAR LINEAR LINEAR LINEAR LINEAR LINEAR LINEAR LINEAR LINEAR LINEAR LINEAR
LINEAR LINEAR LINEAR LINEAR LINEAR LINEAR LINEAR LINEAR LINEAR LINEAR LINEAR LINEAR
LINEAR LINEAR LINEAR LINEAR LINEAR LINEAR LINEAR LINEAR LINEAR LINEAR LINEAR LINEAR
LINEAR LINEAR LINEAR LINEAR LINEAR LINEAR LINEAR LINEAR LINEAR LINEAR LINEAR LINEAR
LINEAR LINEAR LINEAR LINEAR LINEAR LINEAR LINEAR LINEAR LINEAR LINEAR LINEAR LINEAR
LINEAR LINEAR LINEAR LINEAR LINEAR LINEAR LINEAR LINEAR LINEAR LINEAR LINEAR LINEAR
LINEAR LINEAR LINEAR LINEAR LINEAR LINEAR LINEAR LINEAR LINEAR LINEAR LINEAR LINEAR
LINEAR LINEAR LINEAR LINEAR LINEAR</Name_array><technique_common><accessor source="#Joint-Interpolations-array" count="88"><param type="name"/></accessor></technique_common></source><sampler id="Joint-Matrix-animation-transform"><input semantic="INPUT" source="#Joint-Matrix-animation-input"/><input semantic="OUTPUT" source="#Joint-Matrix-animation-output-transform"/><input semantic="INTERPOLATION" source="#Joint-Interpolations"/></sampler><channel source="#Joint-Matrix-animation-transform" target="Joint/matrix"/></animation></animation>
    <animation id="l_arm-anim" name="l_arm"><animation><source id="l_arm-Matrix-animation-input"><float_array id="l_arm-Matrix-animation-input-array" count="88">

0.000000 0.033333 0.066667 0.100000 0.133333 0.166667 0.200000 0.233333 0.266667 0.300000 0.333333 0.366667 0.400000 0.433333 0.466667 0.500000
0.533333 0.566667 0.600000 0.633333 0.666667 0.700000 0.733333 0.766667 0.800000 0.833333 0.866667 0.900000 0.933333 0.966667 1.000000 1.033333
1.066667 1.100000 1.133333 1.166667 1.200000 1.233333 1.266667 1.300000 1.333333 1.366667 1.400000 1.433333 1.466667 1.500000 1.533333 1.566667
1.600000 1.633333 1.666667 1.700000 1.733333 1.766667 1.800000 1.833333 1.866667 1.900000 1.933333 1.966667 2.000000 2.033333 2.066667 2.100000
2.133333 2.166667 2.200000 2.233333 2.266667 2.300000 2.333333 2.366667 2.400000 2.433333 2.466667 2.500000 2.533333 2.566667 2.600000 2.633333
2.666667 2.700000 2.733333 2.766667 2.800000 2.833333 2.866667 2.900000</float_array><technique_common><accessor source="#l_arm-Matrix-animation-input-array" count="88"><param name="TIME" type="float"/></accessor></technique_common></source><source id="l_arm-Matrix-animation-output-transform"><float_array id="l_arm-Matrix-animation-output-transform-array" count="1408">

1.000000 0.000000 -0.000000 22.532202 0.000000 0.838671 -0.544639 -0.000000 0.000000 0.544639 0.838671 -235.891846 0.000000 0.000000 0.000000 1.000000
1.000000 -0.000000 0.000000 22.532202 0.000000 0.839501 -0.543358 0.000000 0.000000 0.543358 0.839501 -235.891846 0.000000 0.000000 0.000000 1.000000
1.000000 0.000000 0.000000 22.532202 0.000000 0.841928 -0.539589 0.000000 -0.000000 0.539589 0.841928 -235.891846 0.000000 0.000000 0.000000 1.000000
1.000000 0.000000 0.000000 22.532202 0.000000 0.845842 -0.533434 -0.000000 -0.000000 0.533434 0.845842 -235.891846 0.000000 0.000000 0.000000 1.000000
1.000000 0.000000 -0.000000 22.532202 0.000000 0.851113 -0.524982 0.000000 0.000000 0.524982 0.851113 -235.891846 0.000000 0.000000 0.000000 1.000000
1.000000 -0.000000 0.000000 22.532202 0.000000 0.857601 -0.514316 0.000000 -0.000000 0.514316 0.857601 -235.891846 0.000000 0.000000 0.000000 1.000000
1.000000 -0.000000 0.000000 22.532202 0.000000 0.865154 -0.501506 0.000000 0.000000 0.501506 0.865154 -235.891846 0.000000 0.000000 0.000000 1.000000
1.000000 0.000000 -0.000000 22.532202 0.000000 0.873610 -0.486627 0.000000 0.000000 0.486627 0.873610 -235.891846 0.000000 0.000000 0.000000 1.000000
1.000000 0.000000 0.000000 22.532202 0.000000 0.882800 -0.469748 -0.000000 -0.000000 0.469748 0.882800 -235.891846 0.000000 0.000000 0.000000 1.000000
1.000000 -0.000000 0.000000 22.532202 0.000000 0.892555 -0.450938 -0.000000 -0.000000 0.450938 0.892555 -235.891846 0.000000 0.000000 0.000000 1.000000
1.000000 -0.000000 0.000000 22.532202 0.000000 0.902699 -0.430273 -0.000000 0.000000 0.430273 0.902699 -235.891846 0.000000 0.000000 0.000000 1.000000
1.000000 0.000000 0.000000 22.532202 0.000000 0.913058 -0.407830 -0.000000 -0.000000 0.407830 0.913058 -235.891846 0.000000 0.000000 0.000000 1.000000
1.000000 0.000000 -0.000000 22.532202 0.000000 0.923459 -0.383698 -0.000000 0.000000 0.383698 0.923459 -235.891846 0.000000 0.000000 0.000000 1.000000
1.000000 0.000000 0.000000 22.532202 0.000000 0.933735 -0.357965 -0.000000 0.000000 0.357965 0.933735 -235.891846 0.000000 0.000000 0.000000 1.000000
1.000000 0.000000 0.000000 22.532202 0.000000 0.943723 -0.330738 -0.000000 0.000000 0.330738 0.943723 -235.891846 0.000000 0.000000 0.000000 1.000000
1.000000 0.000000 0.000000 22.532202 -0.000000 0.953268 -0.302127 0.000000 -0.000000 0.302127 0.953268 -235.891846 0.000000 0.000000 0.000000 1.000000
1.000000 -0.000000 0.000000 22.532202 0.000000 0.962227 -0.272249 0.000000 0.000000 0.272249 0.962227 -235.891846 0.000000 0.000000 0.000000 1.000000
1.000000 -0.000000 0.000000 22.532202 0.000000 0.970466 -0.241239 0.000000 -0.000000 0.241239 0.970466 -235.891846 0.000000 0.000000 0.000000 1.000000
1.000000 0.000000 0.000000 22.532202 0.000000 0.977866 -0.209232 0.000000 0.000000 0.209232 0.977866 -235.891846 0.000000 0.000000 0.000000 1.000000
1.000000 0.000000 0.000000 22.532202 0.000000 0.984322 -0.176378 0.000000 0.000000 0.176378 0.984322 -235.891846 0.000000 0.000000 0.000000 1.000000
1.000000 0.000000 0.000000 22.532202 0.000000 0.989747 -0.142833 0.000000 0.000000 0.142833 0.989747 -235.891846 0.000000 0.000000 0.000000 1.000000
